var track = {
    "cameraHeight": 1.81,
    "K": [
        [2479.413484429465, 0, 1205.20266400744],
        [0, 2479.413484429465, 1053.836446878568],
        [0, 0, 1]
    ],
    "deviceId": "10111",
    "trackId": "400049773_20190217153913707"
};

var cameraParams = {
    "id": 108,
    "focusX": 2479.413484429465,
    "focusY": 2478.782652303599,
    "principlePointX": 1205.20266400744,
    "principlePointY": 1053.836446878568,
    "distortionK1": -0.105928646465229,
    "distortionK2": 0.177575275214637,
    "distortionK3": 0,
    "distortionP1": 0.0003283748647002549,
    "distortionP2": 0.0003708906842613841,
    "imageWidth": 2448,
    "imageHeight": 2048,
    "version": 1,
    "calibrationTime": null,
    "calibrationUser": null,
    "valid": 1,
    "delFlag": 0,
    "remark": null,
    "operUser": null,
    "createTime": 1547103690603,
    "updateTime": 1547103690603
};

var trackPoints = [{
    "trackPointId": "400049773_20190217153913707718",
    "seq": "",
    "delFlag": 0,
    "x": 106.66210200333,
    "y": 26.42239193214,
    "z": 1077.4491,
    "locTime": 1550389153707,
    "status": "3",
    "roll": 0.12541,
    "pitch": -1.363322,
    "azimuth": 180.094757,
    "longitudeSigma": 0.001,
    "latitudeSigma": 0.001,
    "heightSigma": 0.002,
    "rollSigma": 0.0010896662,
    "pitchSigma": 0.0010746141,
    "azimuthSigma": 0.0048007993,
    "positionType": 0,
    "qualityNum": 1,
    "R": [
        [-1.0000470088611684, -0.008235541628840198, -0.0021881960687327407],
        [0.001991742021706057, 0.023811460713373964, -0.9997145304666574],
        [0.008285294777338399, -0.9997658842302898, -0.02379221241910345]
    ],
    "C": [
        [665754.0693458542],
        [2923532.4704421693],
        [1077.4491]
    ],
    "T": [
        [689864.5967199499],
        [-69862.44739913657],
        [2917357.691571694]
    ],
    "picH": 2048,
    "picW": 2448,
    "trackId": "400049773_20190217153913707"
}, {
    "trackPointId": "400049773_20190217153913768108",
    "seq": "",
    "delFlag": 0,
    "x": 106.66210209369,
    "y": 26.42238787141,
    "z": 1077.4422,
    "locTime": 1550389153768,
    "status": "3",
    "roll": 0.107354,
    "pitch": -1.368803,
    "azimuth": 180.099497,
    "longitudeSigma": 0.001,
    "latitudeSigma": 0.001,
    "heightSigma": 0.002,
    "rollSigma": 0.0010897766,
    "pitchSigma": 0.0010747397,
    "azimuthSigma": 0.004800796,
    "positionType": 0,
    "qualityNum": 1,
    "R": [
        [-1.0000482668524477, -0.00816013217591366, -0.0018731450044007845],
        [0.0016777754903628055, 0.023904364313104047, -0.999712889837146],
        [0.008202565659632186, -0.9997642855484684, -0.023887846727042163]
    ],
    "C": [
        [665754.0841670914],
        [2923532.0207168376],
        [1077.4422]
    ],
    "T": [
        [689644.6439362782],
        [-69925.02753387053],
        [2917407.7481556213]
    ],
    "picH": 2048,
    "picW": 2448,
    "trackId": "400049773_20190217153913707"
}, {
    "trackPointId": "400049773_20190217153913825561",
    "seq": "",
    "delFlag": 0,
    "x": 106.66210218116,
    "y": 26.42238401617,
    "z": 1077.4358,
    "locTime": 1550389153825,
    "status": "3",
    "roll": 0.08783,
    "pitch": -1.340413,
    "azimuth": 180.098738,
    "longitudeSigma": 0.001,
    "latitudeSigma": 0.001,
    "heightSigma": 0.002,
    "rollSigma": 0.0010898818,
    "pitchSigma": 0.0010748591,
    "azimuthSigma": 0.0048007932,
    "positionType": 0,
    "qualityNum": 1,
    "R": [
        [-1.0000486659683443, -0.008182283319841081, -0.0015325026103482032],
        [0.0013407552128868693, 0.02340621554699775, -0.9997251837497971],
        [0.00821590478184519, -0.9997758910548062, -0.02339248623347877]
    ],
    "C": [
        [665754.0984061351],
        [2923531.593751665],
        [1077.4358]
    ],
    "T": [
        [689709.3129417719],
        [-68244.28421661456],
        [2917431.8357914397]
    ],
    "picH": 2048,
    "picW": 2448,
    "trackId": "400049773_20190217153913707"
}, {
    "trackPointId": "400049773_20190217153913885227",
    "seq": "",
    "delFlag": 0,
    "x": 106.6621022589,
    "y": 26.4223800102,
    "z": 1077.4286,
    "locTime": 1550389153885,
    "status": "3",
    "roll": 0.122487,
    "pitch": -1.353572,
    "azimuth": 180.096065,
    "longitudeSigma": 0.001,
    "latitudeSigma": 0.001,
    "heightSigma": 0.002,
    "rollSigma": 0.001089991,
    "pitchSigma": 0.001074983,
    "azimuthSigma": 0.00480079,
    "positionType": 0,
    "qualityNum": 1,
    "R": [
        [-1.0000472939241463, -0.008214286682275154, -0.0021372032797687597],
        [0.0019426733282490512, 0.023640866469978546, -0.9997186750260012],
        [0.008262501135644057, -0.999770107532994, -0.023622090644089263]
    ],
    "C": [
        [665754.1118902931],
        [2923531.150076314],
        [1077.4286]
    ],
    "T": [
        [689802.6236899869],
        [-69331.02680369123],
        [2917383.7092983522]
    ],
    "picH": 2048,
    "picW": 2448,
    "trackId": "400049773_20190217153913707"
}, {
    "trackPointId": "400049773_20190217153913942841",
    "seq": "",
    "delFlag": 0,
    "x": 106.66210234005,
    "y": 26.42237613855,
    "z": 1077.4214,
    "locTime": 1550389153942,
    "status": "3",
    "roll": 0.114494,
    "pitch": -1.39119,
    "azimuth": 180.08868,
    "longitudeSigma": 0.001,
    "latitudeSigma": 0.001,
    "heightSigma": 0.002,
    "rollSigma": 0.0010900964,
    "pitchSigma": 0.0010751028,
    "azimuthSigma": 0.0048007867,
    "positionType": 0,
    "qualityNum": 1,
    "R": [
        [-1.0000464987156292, -0.008345170418860279, -0.0019977069156257624],
        [0.0017946062104498865, 0.024296352394501466, -0.9997032387336819],
        [0.008391230886722114, -0.9997533087475313, -0.02427846025730908]
    ],
    "C": [
        [665754.1255224396],
        [2923530.721285126],
        [1077.4214]
    ],
    "T": [
        [690184.596700281],
        [-71148.7974657287],
        [2917249.1733814557]
    ],
    "picH": 2048,
    "picW": 2448,
    "trackId": "400049773_20190217153913707"
}, {
    "trackPointId": "400049773_20190217153914000414",
    "seq": "",
    "delFlag": 0,
    "x": 106.6621024243,
    "y": 26.42237227636,
    "z": 1077.4141,
    "locTime": 1550389154000,
    "status": "3",
    "roll": 0.091844,
    "pitch": -1.382574,
    "azimuth": 180.077013,
    "longitudeSigma": 0.001,
    "latitudeSigma": 0.001,
    "heightSigma": 0.002,
    "rollSigma": 0.0010902018,
    "pitchSigma": 0.0010752225,
    "azimuthSigma": 0.0048007839,
    "positionType": 0,
    "qualityNum": 1,
    "R": [
        [-1.000045405940649, -0.008558651411569845, -0.0016025128432973904],
        [0.0013956163528199086, 0.02414299564004867, -0.9997075899744645],
        [0.008594838236680901, -0.9997552191310913, -0.024128126741097534]
    ],
    "C": [
        [665754.1394502523],
        [2923530.2935458967],
        [1077.4141]
    ],
    "T": [
        [690807.5718867515],
        [-70434.81744128761],
        [2917118.6161103435]
    ],
    "picH": 2048,
    "picW": 2448,
    "trackId": "400049773_20190217153913707"
}, {
    "trackPointId": "400049773_20190217153914059115",
    "seq": "",
    "delFlag": 0,
    "x": 106.66210250588,
    "y": 26.42236834262,
    "z": 1077.4065,
    "locTime": 1550389154059,
    "status": "3",
    "roll": 0.098306,
    "pitch": -1.373137,
    "azimuth": 180.080523,
    "longitudeSigma": 0.001,
    "latitudeSigma": 0.001,
    "heightSigma": 0.002,
    "rollSigma": 0.0010903142,
    "pitchSigma": 0.0010753442,
    "azimuthSigma": 0.0048007853,
    "positionType": 0,
    "qualityNum": 1,
    "R": [
        [-1.0000457620303131, -0.00849494596820042, -0.0017152698254843516],
        [0.0015112892909695326, 0.023979201729483854, -0.999711363378415],
        [0.008533624816861395, -0.9997597044690487, -0.023963467643400668]
    ],
    "C": [
        [665754.1532141026],
        [2923529.857877024],
        [1077.4065]
    ],
    "T": [
        [690621.6956977884],
        [-70032.96382534562],
        [2917171.8689495786]
    ],
    "picH": 2048,
    "picW": 2448,
    "trackId": "400049773_20190217153913707"
}, {
    "trackPointId": "400049773_20190217153914117252",
    "seq": "",
    "delFlag": 0,
    "x": 106.66210258879,
    "y": 26.42236444709,
    "z": 1077.3994,
    "locTime": 1550389154117,
    "status": "3",
    "roll": 0.115968,
    "pitch": -1.365523,
    "azimuth": 180.082819,
    "longitudeSigma": 0.001,
    "latitudeSigma": 0.001,
    "heightSigma": 0.002,
    "rollSigma": 0.0010904255,
    "pitchSigma": 0.0010754645,
    "azimuthSigma": 0.0048007867,
    "positionType": 0,
    "qualityNum": 1,
    "R": [
        [-1.0000455856731194, -0.008447746939587511, -0.002023447244065755],
        [0.0018216531198652422, 0.02384888888512225, -0.9997139627871704],
        [0.00849358753808686, -0.9997632214400762, -0.023830616224144636]
    ],
    "C": [
        [665754.1670559527],
        [2923529.4264427135],
        [1077.3994]
    ],
    "T": [
        [690483.9327336622],
        [-69858.6103754197],
        [2917208.231150111]
    ],
    "picH": 2048,
    "picW": 2448,
    "trackId": "400049773_20190217153913707"
}, {
    "trackPointId": "400049773_20190217153914174986",
    "seq": "",
    "delFlag": 0,
    "x": 106.66210267577,
    "y": 26.4223605813,
    "z": 1077.3928,
    "locTime": 1550389154174,
    "status": "3",
    "roll": 0.09882,
    "pitch": -1.327228,
    "azimuth": 180.075697,
    "longitudeSigma": 0.001,
    "latitudeSigma": 0.001,
    "heightSigma": 0.002,
    "rollSigma": 0.0010905361,
    "pitchSigma": 0.0010755842,
    "azimuthSigma": 0.0048007877,
    "positionType": 0,
    "qualityNum": 1,
    "R": [
        [-1.000045017457957, -0.008580343709369052, -0.001724270791595671],
        [0.0015251461833091107, 0.023178329395223855, -0.9997302280461344],
        [0.008617994689655897, -0.9997778631246603, -0.02316242692511808]
    ],
    "C": [
        [665754.1812612177],
        [2923528.9983081976],
        [1077.3928]
    ],
    "T": [
        [690870.8931888101],
        [-67700.78841820962],
        [2917167.063744823]
    ],
    "picH": 2048,
    "picW": 2448,
    "trackId": "400049773_20190217153913707"
}, {
    "trackPointId": "400049773_20190217153914232520",
    "seq": "",
    "delFlag": 0,
    "x": 106.66210276065,
    "y": 26.42235672278,
    "z": 1077.3859,
    "locTime": 1550389154232,
    "status": "3",
    "roll": 0.085075,
    "pitch": -1.306184,
    "azimuth": 180.070165,
    "longitudeSigma": 0.001,
    "latitudeSigma": 0.001,
    "heightSigma": 0.002,
    "rollSigma": 0.0010906463,
    "pitchSigma": 0.0010757033,
    "azimuthSigma": 0.0048007891,
    "positionType": 0,
    "qualityNum": 1,
    "R": [
        [-1.0000445161560563, -0.00868300394493462, -0.0014844524874534344],
        [0.0012862028915570905, 0.022809187982847777, -0.9997390527428104],
        [0.00871459729470898, -0.9997854665895796, -0.02279523682089683]
    ],
    "C": [
        [665754.195246617],
        [2923528.570976337],
        [1077.3859]
    ],
    "T": [
        [691170.4415073635],
        [-66462.5029605136],
        [2917124.1559794447]
    ],
    "picH": 2048,
    "picW": 2448,
    "trackId": "400049773_20190217153913707"
}, {
    "trackPointId": "400049773_20190217153914290657",
    "seq": "",
    "delFlag": 0,
    "x": 106.66210284968,
    "y": 26.42235282212,
    "z": 1077.3788,
    "locTime": 1550389154290,
    "status": "3",
    "roll": 0.050994,
    "pitch": -1.28033,
    "azimuth": 180.067317,
    "longitudeSigma": 0.001,
    "latitudeSigma": 0.001,
    "heightSigma": 0.002,
    "rollSigma": 0.0010907577,
    "pitchSigma": 0.0010758238,
    "azimuthSigma": 0.00480079,
    "positionType": 0,
    "qualityNum": 1,
    "R": [
        [-1.0000446672658911, -0.008746679552481746, -0.0008897908798053718],
        [0.0006941718576443915, 0.022352910860023136, -0.9997499431490047],
        [0.008764381801556543, -0.9997952169133278, -0.022344114342532483]
    ],
    "C": [
        [665754.2097062278],
        [2923528.1389816143],
        [1077.3788]
    ],
    "T": [
        [691356.0695626966],
        [-64734.402329861754],
        [2917118.5988605795]
    ],
    "picH": 2048,
    "picW": 2448,
    "trackId": "400049773_20190217153913707"
}, {
    "trackPointId": "400049773_20190217153914348230",
    "seq": "",
    "delFlag": 0,
    "x": 106.66210293498,
    "y": 26.42234895707,
    "z": 1077.3719,
    "locTime": 1550389154348,
    "status": "3",
    "roll": 0.051304,
    "pitch": -1.259003,
    "azimuth": 180.070426,
    "longitudeSigma": 0.001,
    "latitudeSigma": 0.001,
    "heightSigma": 0.002,
    "rollSigma": 0.0010908679,
    "pitchSigma": 0.0010759431,
    "azimuthSigma": 0.0048007914,
    "positionType": 0,
    "qualityNum": 1,
    "R": [
        [-1.000045133723731, -0.008692626032200284, -0.0008952074328191465],
        [0.0007040377179314743, 0.02198076847826788, -0.9997581861262651],
        [0.008710201381947313, -0.9998039391958339, -0.021971979364002966]
    ],
    "C": [
        [665754.2237428667],
        [2923527.7109269113],
        [1077.3719]
    ],
    "T": [
        [691198.3692672688],
        [-63652.99046154467],
        [2917179.3403663766]
    ],
    "picH": 2048,
    "picW": 2448,
    "trackId": "400049773_20190217153913707"
}, {
    "trackPointId": "400049773_20190217153914406729",
    "seq": "",
    "delFlag": 0,
    "x": 106.66210301416,
    "y": 26.42234502883,
    "z": 1077.3652,
    "locTime": 1550389154406,
    "status": "3",
    "roll": 0.072559,
    "pitch": -1.219492,
    "azimuth": 180.077315,
    "longitudeSigma": 0.001,
    "latitudeSigma": 0.001,
    "heightSigma": 0.002,
    "rollSigma": 0.0010909799,
    "pitchSigma": 0.0010760643,
    "azimuthSigma": 0.0048007923,
    "positionType": 0,
    "qualityNum": 1,
    "R": [
        [-1.0000458331830255, -0.00856510202379801, -0.0012661062767057878],
        [0.0010835910858780287, 0.021294395077989563, -0.99977269932294],
        [0.008590116137575772, -0.999819894029527, -0.021282543631312646]
    ],
    "C": [
        [665754.2372594629],
        [2923527.275864232],
        [1077.3652]
    ],
    "T": [
        [690826.4243412449],
        [-61899.02987625081],
        [2917304.7540017418]
    ],
    "picH": 2048,
    "picW": 2448,
    "trackId": "400049773_20190217153913707"
}, {
    "trackPointId": "400049773_20190217153914464383",
    "seq": "",
    "delFlag": 0,
    "x": 106.66210309073,
    "y": 26.42234115387,
    "z": 1077.359,
    "locTime": 1550389154464,
    "status": "3",
    "roll": 0.085225,
    "pitch": -1.170831,
    "azimuth": 180.083871,
    "longitudeSigma": 0.001,
    "latitudeSigma": 0.001,
    "heightSigma": 0.002,
    "rollSigma": 0.0010910901,
    "pitchSigma": 0.0010761836,
    "azimuthSigma": 0.0048007937,
    "positionType": 0,
    "qualityNum": 1,
    "R": [
        [-1.0000465314585407, -0.00844722725876117, -0.0014871457488283104],
        [0.0013142998437999705, 0.020446989394386803, -0.9997901095642555],
        [0.008475861919905212, -0.9998385858117137, -0.020433433754889402]
    ],
    "C": [
        [665754.250439521],
        [2923526.84670047],
        [1077.359]
    ],
    "T": [
        [690482.5268168488],
        [-59575.1902634014],
        [2917434.1210320177]
    ],
    "picH": 2048,
    "picW": 2448,
    "trackId": "400049773_20190217153913707"
}, {
    "trackPointId": "400049773_20190217153914521876",
    "seq": "",
    "delFlag": 0,
    "x": 106.66210316884,
    "y": 26.42233728007,
    "z": 1077.3528,
    "locTime": 1550389154521,
    "status": "3",
    "roll": 0.084586,
    "pitch": -1.156424,
    "azimuth": 180.084635,
    "longitudeSigma": 0.001,
    "latitudeSigma": 0.001,
    "heightSigma": 0.002,
    "rollSigma": 0.0010912003,
    "pitchSigma": 0.0010763027,
    "azimuthSigma": 0.0048007946,
    "positionType": 0,
    "qualityNum": 1,
    "R": [
        [-1.000046655459828, -0.008434490366759712, -0.0014760029742065005],
        [0.001305547242006584, 0.020195468408343714, -0.999795232453679],
        [0.00846257182829903, -0.999843805351595, -0.02018203602498475]
    ],
    "C": [
        [665754.2637715245],
        [2923526.4176671957],
        [1077.3528]
    ],
    "T": [
        [690445.3704255518],
        [-58834.026858766534],
        [2917457.528382144]
    ],
    "picH": 2048,
    "picW": 2448,
    "trackId": "400049773_20190217153913707"
}, {
    "trackPointId": "400049773_20190217153914580174",
    "seq": "",
    "delFlag": 0,
    "x": 106.66210324733,
    "y": 26.42233335032,
    "z": 1077.3466,
    "locTime": 1550389154580,
    "status": "3",
    "roll": 0.083017,
    "pitch": -1.14713,
    "azimuth": 180.093217,
    "longitudeSigma": 0.001,
    "latitudeSigma": 0.001,
    "heightSigma": 0.002,
    "rollSigma": 0.0010913118,
    "pitchSigma": 0.0010764233,
    "azimuthSigma": 0.004800796,
    "positionType": 0,
    "qualityNum": 1,
    "R": [
        [-1.0000479410947485, -0.008285485978942284, -0.001448629089427581],
        [0.0012825351129869132, 0.020032859889563364, -0.9997985330872883],
        [0.008312836911242242, -0.9998483224411652, -0.02001985789829366]
    ],
    "C": [
        [665754.2772214548],
        [2923525.9824363515],
        [1077.3466]
    ],
    "T": [
        [690010.5884225123],
        [-58343.31007649667],
        [2917569.8107484803]
    ],
    "picH": 2048,
    "picW": 2448,
    "trackId": "400049773_20190217153913707"
}, {
    "trackPointId": "400049773_20190217153914637908",
    "seq": "",
    "delFlag": 0,
    "x": 106.6621033219,
    "y": 26.42232945401,
    "z": 1077.3407,
    "locTime": 1550389154637,
    "status": "3",
    "roll": 0.101353,
    "pitch": -1.115067,
    "azimuth": 180.10834,
    "longitudeSigma": 0.001,
    "latitudeSigma": 0.001,
    "heightSigma": 0.002,
    "rollSigma": 0.0010914224,
    "pitchSigma": 0.001076543,
    "azimuthSigma": 0.0048007974,
    "positionType": 0,
    "qualityNum": 1,
    "R": [
        [-1.000049621864063, -0.008016104186270802, -0.0017686076481834255],
        [0.0016123664577371813, 0.019475563244023032, -0.9998090649402386],
        [0.00804901826104502, -0.999861528973397, -0.019460362029326942]
    ],
    "C": [
        [665754.290232569],
        [2923525.5509048942],
        [1077.3407]
    ],
    "T": [
        [689224.5170017384],
        [-56933.6116509421],
        [2917783.02432116]
    ],
    "picH": 2048,
    "picW": 2448,
    "trackId": "400049773_20190217153913707"
}, {
    "trackPointId": "400049773_20190217153914695522",
    "seq": "",
    "delFlag": 0,
    "x": 106.66210339908,
    "y": 26.42232555755,
    "z": 1077.3345,
    "locTime": 1550389154695,
    "status": "3",
    "roll": 0.106657,
    "pitch": -1.118033,
    "azimuth": 180.119112,
    "longitudeSigma": 0.001,
    "latitudeSigma": 0.001,
    "heightSigma": 0.002,
    "rollSigma": 0.0010915325,
    "pitchSigma": 0.0010766622,
    "azimuthSigma": 0.0048007984,
    "positionType": 0,
    "qualityNum": 1,
    "R": [
        [-1.0000509581397106, -0.007826187428935337, -0.0018611603509348107],
        [0.0017081980423627365, 0.01952774360103793, -0.9998078882001884],
        [0.007861028188116174, -0.9998620157807071, -0.019512118665787656]
    ],
    "C": [
        [665754.3035042234],
        [2923525.1193601815],
        [1077.3345]
    ],
    "T": [
        [688670.2897346037],
        [-57149.96160866972],
        [2917909.2267614035]
    ],
    "picH": 2048,
    "picW": 2448,
    "trackId": "400049773_20190217153913707"
}, {
    "trackPointId": "400049773_20190217153914756032",
    "seq": "",
    "delFlag": 0,
    "x": 106.66210347826,
    "y": 26.42232145556,
    "z": 1077.3278,
    "locTime": 1550389154756,
    "status": "3",
    "roll": 0.108786,
    "pitch": -1.142884,
    "azimuth": 180.128273,
    "longitudeSigma": 0.001,
    "latitudeSigma": 0.001,
    "heightSigma": 0.002,
    "rollSigma": 0.0010916484,
    "pitchSigma": 0.0010767875,
    "azimuthSigma": 0.0048007998,
    "positionType": 0,
    "qualityNum": 1,
    "R": [
        [-1.0000521387385122, -0.007664739317411267, -0.0018982950238411072],
        [0.001745140109062192, 0.019961424909942713, -0.9997992612990131],
        [0.007701093381172594, -0.9998547023620475, -0.019945766015620384]
    ],
    "C": [
        [665754.317269351],
        [2923524.665049732],
        [1077.3278]
    ],
    "T": [
        [688199.1283912425],
        [-58442.44109698682],
        [2917994.3357834155]
    ],
    "picH": 2048,
    "picW": 2448,
    "trackId": "400049773_20190217153913707"
}, {
    "trackPointId": "400049773_20190217153914813768",
    "seq": "",
    "delFlag": 0,
    "x": 106.66210355447,
    "y": 26.42231753634,
    "z": 1077.3218,
    "locTime": 1550389154813,
    "status": "3",
    "roll": 0.103335,
    "pitch": -1.165315,
    "azimuth": 180.139657,
    "longitudeSigma": 0.001,
    "latitudeSigma": 0.001,
    "heightSigma": 0.002,
    "rollSigma": 0.0010917587,
    "pitchSigma": 0.0010769069,
    "azimuthSigma": 0.0048008012,
    "positionType": 0,
    "qualityNum": 1,
    "R": [
        [-1.0000538090640831, -0.00746723239178309, -0.0018031619943421114],
        [0.0016510260436884386, 0.020351803718364824, -0.9997915521045211],
        [0.007502373461887221, -0.9998483270196319, -0.020337181398973815]
    ],
    "C": [
        [665754.330476806],
        [2923524.230982451],
        [1077.3218]
    ],
    "T": [
        [687622.7315157186],
        [-59521.071818615834],
        [2918107.983416925]
    ],
    "picH": 2048,
    "picW": 2448,
    "trackId": "400049773_20190217153913707"
}, {
    "trackPointId": "400049773_20190217153914871261",
    "seq": "",
    "delFlag": 0,
    "x": 106.66210362447,
    "y": 26.42231363077,
    "z": 1077.3158,
    "locTime": 1550389154871,
    "status": "3",
    "roll": 0.125531,
    "pitch": -1.161061,
    "azimuth": 180.152737,
    "longitudeSigma": 0.001,
    "latitudeSigma": 0.001,
    "heightSigma": 0.002,
    "rollSigma": 0.0010918687,
    "pitchSigma": 0.0010770259,
    "azimuthSigma": 0.0048008021,
    "positionType": 0,
    "qualityNum": 1,
    "R": [
        [-1.0000547700648226, -0.007231207717044538, -0.002190477680987022],
        [0.0020436268377145086, 0.020279994011746766, -0.9997922857518582],
        [0.007274128566423701, -0.9998515209591343, -0.020262950392366957]
    ],
    "C": [
        [665754.3430453358],
        [2923523.798419298],
        [1077.3158]
    ],
    "T": [
        [686933.7741421686],
        [-59572.506541756375],
        [2918268.763321406]
    ],
    "picH": 2048,
    "picW": 2448,
    "trackId": "400049773_20190217153913707"
}, {
    "trackPointId": "400049773_20190217153914930162",
    "seq": "",
    "delFlag": 0,
    "x": 106.6621036923,
    "y": 26.42230961623,
    "z": 1077.3093,
    "locTime": 1550389154930,
    "status": "3",
    "roll": 0.162967,
    "pitch": -1.202415,
    "azimuth": 180.1669,
    "longitudeSigma": 0.001,
    "latitudeSigma": 0.001,
    "heightSigma": 0.002,
    "rollSigma": 0.0010919814,
    "pitchSigma": 0.0010771478,
    "azimuthSigma": 0.0048008035,
    "positionType": 0,
    "qualityNum": 1,
    "R": [
        [-1.0000549894098862, -0.006968697352760368, -0.0028436805702244084],
        [0.002696985987613436, 0.021005696419076215, -0.9997757557117017],
        [0.007026868152953066, -0.9998384021571782, -0.02098456032205129]
    ],
    "C": [
        [665754.3555532971],
        [2923523.3537818156],
        [1077.3093]
    ],
    "T": [
        [686167.1779721952],
        [-62129.10649219748],
        [2918395.3574976698]
    ],
    "picH": 2048,
    "picW": 2448,
    "trackId": "400049773_20190217153913707"
}, {
    "trackPointId": "400049773_20190217153914987735",
    "seq": "",
    "delFlag": 0,
    "x": 106.66210376531,
    "y": 26.42230568938,
    "z": 1077.303,
    "locTime": 1550389154987,
    "status": "3",
    "roll": 0.161529,
    "pitch": -1.244054,
    "azimuth": 180.169449,
    "longitudeSigma": 0.001,
    "latitudeSigma": 0.001,
    "heightSigma": 0.002,
    "rollSigma": 0.0010920916,
    "pitchSigma": 0.0010772669,
    "azimuthSigma": 0.0048008049,
    "positionType": 0,
    "qualityNum": 1,
    "R": [
        [-1.0000553801420258, -0.006922683956535003, -0.002818544624722301],
        [0.0026677469945187346, 0.021732014561961076, -0.9997603125444025],
        [0.006982277328859533, -0.9998231985764544, -0.02171113233613519]
    ],
    "C": [
        [665754.3684524945],
        [2923522.918865173],
        [1077.303]
    ],
    "T": [
        [686032.8996575437],
        [-64233.062076546725],
        [2918380.943685914]
    ],
    "picH": 2048,
    "picW": 2448,
    "trackId": "400049773_20190217153913707"
}, {
    "trackPointId": "400049773_20190217153915046918",
    "seq": "",
    "delFlag": 0,
    "x": 106.66210383922,
    "y": 26.42230165863,
    "z": 1077.297,
    "locTime": 1550389155046,
    "status": "3",
    "roll": 0.166197,
    "pitch": -1.211183,
    "azimuth": 180.173494,
    "longitudeSigma": 0.001,
    "latitudeSigma": 0.001,
    "heightSigma": 0.002,
    "rollSigma": 0.0010922285,
    "pitchSigma": 0.0010773847,
    "azimuthSigma": 0.0048008109,
    "positionType": 0,
    "qualityNum": 1,
    "R": [
        [-1.000055634081064, -0.006851973508617826, -0.0029000327100911173],
        [0.0027547230702083597, 0.021158777189206304, -0.9997723708428887],
        [0.006911774945617718, -0.9998359810470245, -0.021137556847228036]
    ],
    "C": [
        [665754.3815900735],
        [2923522.472439801],
        [1077.297]
    ],
    "T": [
        [685826.4429528525],
        [-62615.077780257816],
        [2918464.1863168404]
    ],
    "picH": 2048,
    "picW": 2448,
    "trackId": "400049773_20190217153913707"
}, {
    "trackPointId": "400049773_20190217153915105015",
    "seq": "",
    "delFlag": 0,
    "x": 106.66210390876,
    "y": 26.42229769793,
    "z": 1077.2907,
    "locTime": 1550389155105,
    "status": "3",
    "roll": 0.188929,
    "pitch": -1.192734,
    "azimuth": 180.180743,
    "longitudeSigma": 0.001,
    "latitudeSigma": 0.001,
    "heightSigma": 0.002,
    "rollSigma": 0.0010923691,
    "pitchSigma": 0.0010774991,
    "azimuthSigma": 0.0048008179,
    "positionType": 0,
    "qualityNum": 1,
    "R": [
        [-1.0000553130666243, -0.006718112731680178, -0.003296712677593776],
        [0.0031563553175635744, 0.020839152535826685, -0.9997778959118536],
        [0.006785321309733012, -0.9998436022898102, -0.020815631904608917]
    ],
    "C": [
        [665754.3941915813],
        [2923522.033768837],
        [1077.2907]
    ],
    "T": [
        [685435.3212230607],
        [-61948.02759652556],
        [2918569.868625775]
    ],
    "picH": 2048,
    "picW": 2448,
    "trackId": "400049773_20190217153913707"
}, {
    "trackPointId": "400049773_20190217153915162991",
    "seq": "",
    "delFlag": 0,
    "x": 106.66210397484,
    "y": 26.42229373924,
    "z": 1077.2845,
    "locTime": 1550389155162,
    "status": "3",
    "roll": 0.224198,
    "pitch": -1.189634,
    "azimuth": 180.184118,
    "longitudeSigma": 0.001,
    "latitudeSigma": 0.001,
    "heightSigma": 0.002,
    "rollSigma": 0.0010925094,
    "pitchSigma": 0.0010776134,
    "azimuthSigma": 0.0048008254,
    "positionType": 0,
    "qualityNum": 1,
    "R": [
        [-1.0000535724792141, -0.006646586099050828, -0.003912139870806103],
        [0.003773540625975988, 0.02078896537990472, -0.999776801933962],
        [0.006726431934223288, -0.9998451250746394, -0.020761538390262717]
    ],
    "C": [
        [665754.4064450993],
        [2923521.5953160813],
        [1077.2845]
    ],
    "T": [
        [685225.7250425476],
        [-62212.19647988991],
        [2918613.029510859]
    ],
    "picH": 2048,
    "picW": 2448,
    "trackId": "400049773_20190217153913707"
}, {
    "trackPointId": "400049773_20190217153915221128",
    "seq": "",
    "delFlag": 0,
    "x": 106.66210404598,
    "y": 26.42228977143,
    "z": 1077.2789,
    "locTime": 1550389155221,
    "status": "3",
    "roll": 0.231811,
    "pitch": -1.124375,
    "azimuth": 180.182543,
    "longitudeSigma": 0.001,
    "latitudeSigma": 0.001,
    "heightSigma": 0.002,
    "rollSigma": 0.0010926499,
    "pitchSigma": 0.0010777279,
    "azimuthSigma": 0.0048008328,
    "positionType": 0,
    "qualityNum": 1,
    "R": [
        [-1.00005284811292, -0.006675920419806508, -0.004045075143903145],
        [0.00391354079077437, 0.01965114400515984, -0.9997992716674171],
        [0.0067540707275967355, -0.999867939738801, -0.019622786254315815]
    ],
    "C": [
        [665754.4192163685],
        [2923521.1558595425],
        [1077.2789]
    ],
    "T": [
        [685311.1553373327],
        [-58978.9296525661],
        [2918659.6616710722]
    ],
    "picH": 2048,
    "picW": 2448,
    "trackId": "400049773_20190217153913707"
}, {
    "trackPointId": "400049773_20190217153915279707",
    "seq": "",
    "delFlag": 0,
    "x": 106.66210412134,
    "y": 26.42228577127,
    "z": 1077.2731,
    "locTime": 1550389155279,
    "status": "3",
    "roll": 0.225328,
    "pitch": -1.03733,
    "azimuth": 180.175289,
    "longitudeSigma": 0.001,
    "latitudeSigma": 0.001,
    "heightSigma": 0.002,
    "rollSigma": 0.0010927916,
    "pitchSigma": 0.0010778432,
    "azimuthSigma": 0.0048008403,
    "positionType": 0,
    "qualityNum": 1,
    "R": [
        [-1.000052389900163, -0.006810729490320473, -0.003932060836929583],
        [0.003808350542056348, 0.018131839268376748, -0.999828380303711],
        [0.00688085613008254, -0.9998957358787551, -0.018103834865362003]
    ],
    "C": [
        [665754.4324548185],
        [2923520.712824755],
        [1077.2731]
    ],
    "T": [
        [685704.8559008334],
        [-54467.14569770664],
        [2918654.436813312]
    ],
    "picH": 2048,
    "picW": 2448,
    "trackId": "400049773_20190217153913707"
}, {
    "trackPointId": "400049773_20190217153915337844",
    "seq": "",
    "delFlag": 0,
    "x": 106.66210419172,
    "y": 26.42228179221,
    "z": 1077.2674,
    "locTime": 1550389155337,
    "status": "3",
    "roll": 0.256513,
    "pitch": -0.967757,
    "azimuth": 180.172024,
    "longitudeSigma": 0.001,
    "latitudeSigma": 0.001,
    "heightSigma": 0.002,
    "rollSigma": 0.0010929322,
    "pitchSigma": 0.0010779578,
    "azimuthSigma": 0.0048008477,
    "positionType": 0,
    "qualityNum": 1,
    "R": [
        [-1.0000497420642067, -0.0068632820472731525, -0.004476342863347914],
        [0.004360050419518612, 0.01692163981579079, -0.9998473378167686],
        [0.006937981345277257, -0.9999165893678228, -0.016889742901834065]
    ],
    "C": [
        [665754.4451663697],
        [2923520.272120979],
        [1077.2674]
    ],
    "T": [
        [685857.327583452],
        [-51296.37704493111],
        [2918675.6222952213]
    ],
    "picH": 2048,
    "picW": 2448,
    "trackId": "400049773_20190217153913707"
}, {
    "trackPointId": "400049773_20190217153915395941",
    "seq": "",
    "delFlag": 0,
    "x": 106.66210426533,
    "y": 26.42227780381,
    "z": 1077.2619,
    "locTime": 1550389155395,
    "status": "3",
    "roll": 0.269328,
    "pitch": -0.938397,
    "azimuth": 180.171201,
    "longitudeSigma": 0.001,
    "latitudeSigma": 0.001,
    "heightSigma": 0.002,
    "rollSigma": 0.0010930727,
    "pitchSigma": 0.0010780721,
    "azimuthSigma": 0.0048008552,
    "positionType": 0,
    "qualityNum": 1,
    "R": [
        [-1.0000486264767745, -0.006876269190849315, -0.004700012614137739],
        [0.004587044868390316, 0.01641085788492765, -0.9998548350323958],
        [0.006952402236522989, -0.9999250136190523, -0.016377385132179786]
    ],
    "C": [
        [665754.4582134499],
        [2923519.8303866927],
        [1077.2619]
    ],
    "T": [
        [685894.8039901935],
        [-49954.2085120886],
        [2918689.656163749]
    ],
    "picH": 2048,
    "picW": 2448,
    "trackId": "400049773_20190217153913707"
}, {
    "trackPointId": "400049773_20190217153915454078",
    "seq": "",
    "delFlag": 0,
    "x": 106.66210434569,
    "y": 26.42227379833,
    "z": 1077.2563,
    "locTime": 1550389155454,
    "status": "3",
    "roll": 0.267266,
    "pitch": -0.926206,
    "azimuth": 180.161348,
    "longitudeSigma": 0.001,
    "latitudeSigma": 0.001,
    "heightSigma": 0.002,
    "rollSigma": 0.0010932133,
    "pitchSigma": 0.0010781867,
    "azimuthSigma": 0.0048008626,
    "positionType": 0,
    "qualityNum": 1,
    "R": [
        [-1.0000475864508294, -0.007049826617858885, -0.00466404529541408],
        [0.004549748147470651, 0.01619863785963359, -0.9998584655281667],
        [0.007124380005073353, -0.9999272654753154, -0.016164640210731728]
    ],
    "C": [
        [665754.4719582233],
        [2923519.386769003],
        [1077.2563]
    ],
    "T": [
        [686401.4820135161],
        [-49308.943166252815],
        [2918581.071588197]
    ],
    "picH": 2048,
    "picW": 2448,
    "trackId": "400049773_20190217153913707"
}, {
    "trackPointId": "400049773_20190217153915512859",
    "seq": "",
    "delFlag": 0,
    "x": 106.66210443641,
    "y": 26.42226974158,
    "z": 1077.2512,
    "locTime": 1550389155512,
    "status": "3",
    "roll": 0.217667,
    "pitch": -0.900264,
    "azimuth": 180.145829,
    "longitudeSigma": 0.001,
    "latitudeSigma": 0.001,
    "heightSigma": 0.002,
    "rollSigma": 0.0010933554,
    "pitchSigma": 0.0010783024,
    "azimuthSigma": 0.0048008701,
    "positionType": 0,
    "qualityNum": 1,
    "R": [
        [-1.0000491875980535, -0.00733643664822559, -0.0037985277370050606],
        [0.0036830018588193104, 0.015740788382200277, -0.9998693447737503],
        [0.007395269925707599, -0.9999325159299034, -0.015711924412442353]
    ],
    "C": [
        [665754.486809667],
        [2923518.9374850397],
        [1077.2512]
    ],
    "T": [
        [687239.5371170762],
        [-47393.35748724357],
        [2918415.1380833527]
    ],
    "picH": 2048,
    "picW": 2448,
    "trackId": "400049773_20190217153913707"
}, {
    "trackPointId": "400049773_20190217153915570552",
    "seq": "",
    "delFlag": 0,
    "x": 106.66210452155,
    "y": 26.42226575185,
    "z": 1077.2472,
    "locTime": 1550389155570,
    "status": "3",
    "roll": 0.202485,
    "pitch": -0.831711,
    "azimuth": 180.132956,
    "longitudeSigma": 0.001,
    "latitudeSigma": 0.001,
    "heightSigma": 0.002,
    "rollSigma": 0.0010934948,
    "pitchSigma": 0.001078416,
    "azimuthSigma": 0.0048008775,
    "positionType": 0,
    "qualityNum": 1,
    "R": [
        [-1.0000484216695984, -0.007569521600247222, -0.0035336502467817233],
        [0.0034235936858811136, 0.014543215104546163, -0.9998883993182113],
        [0.007620067472119014, -0.9999489133665914, -0.01451558558235372]
    ],
    "C": [
        [665754.501008684],
        [2923518.495618268],
        [1077.2472]
    ],
    "T": [
        [687920.1809693044],
        [-43719.50427141791],
        [2918311.685556991]
    ],
    "picH": 2048,
    "picW": 2448,
    "trackId": "400049773_20190217153913707"
}, {
    "trackPointId": "400049773_20190217153915628770",
    "seq": "",
    "delFlag": 0,
    "x": 106.6621046028,
    "y": 26.42226170322,
    "z": 1077.2427,
    "locTime": 1550389155628,
    "status": "3",
    "roll": 0.218865,
    "pitch": -0.839055,
    "azimuth": 180.122908,
    "longitudeSigma": 0.001,
    "latitudeSigma": 0.001,
    "heightSigma": 0.002,
    "rollSigma": 0.0010936355,
    "pitchSigma": 0.0010785306,
    "azimuthSigma": 0.004800885,
    "positionType": 0,
    "qualityNum": 1,
    "R": [
        [-1.0000460637381448, -0.00774025168135599, -0.0038194959864541033],
        [0.0037059422578654584, 0.014674198034374513, -0.9998854794762393],
        [0.0077954133041761514, -0.9999456927707205, -0.014643748938729785]
    ],
    "C": [
        [665754.5149039491],
        [2923518.047221631],
        [1077.2427]
    ],
    "T": [
        [688418.0620502433],
        [-44290.41123854356],
        [2918185.2223255853]
    ],
    "picH": 2048,
    "picW": 2448,
    "trackId": "400049773_20190217153913707"
}, {
    "trackPointId": "400049773_20190217153915686585",
    "seq": "",
    "delFlag": 0,
    "x": 106.66210467953,
    "y": 26.42225765957,
    "z": 1077.2381,
    "locTime": 1550389155686,
    "status": "3",
    "roll": 0.254295,
    "pitch": -0.85136,
    "azimuth": 180.104795,
    "longitudeSigma": 0.001,
    "latitudeSigma": 0.001,
    "heightSigma": 0.002,
    "rollSigma": 0.0010937753,
    "pitchSigma": 0.0010786443,
    "azimuthSigma": 0.004800892,
    "positionType": 0,
    "qualityNum": 1,
    "R": [
        [-1.0000410945803588, -0.008046366632011071, -0.0044377804943032785],
        [0.004317957428309678, 0.014895095996912551, -0.9998797584853186],
        [0.008111500291175439, -0.9999400102716536, -0.014858488335797964]
    ],
    "C": [
        [665754.5283412508],
        [2923517.59937085],
        [1077.2381]
    ],
    "T": [
        [689310.3622501177],
        [-45343.66643111487],
        [2917957.9564234996]
    ],
    "picH": 2048,
    "picW": 2448,
    "trackId": "400049773_20190217153913707"
}, {
    "trackPointId": "400049773_20190217153915744883",
    "seq": "",
    "delFlag": 0,
    "x": 106.66210475654,
    "y": 26.42225356874,
    "z": 1077.2334,
    "locTime": 1550389155744,
    "status": "3",
    "roll": 0.282975,
    "pitch": -0.827404,
    "azimuth": 180.083438,
    "longitudeSigma": 0.001,
    "latitudeSigma": 0.001,
    "heightSigma": 0.002,
    "rollSigma": 0.001093916,
    "pitchSigma": 0.001078759,
    "azimuthSigma": 0.0048008994,
    "positionType": 0,
    "qualityNum": 1,
    "R": [
        [-1.0000357243936229, -0.008413737192453778, -0.0049383104095604815],
        [0.004816531219619685, 0.014482836004226885, -0.9998835368676681],
        [0.008484278042065356, -0.9999430426269758, -0.014440422130329771]
    ],
    "C": [
        [665754.5418739696],
        [2923517.1462938986],
        [1077.2334]
    ],
    "T": [
        [690381.3502107417],
        [-44470.338978835505],
        [2917717.739501257]
    ],
    "picH": 2048,
    "picW": 2448,
    "trackId": "400049773_20190217153913707"
}, {
    "trackPointId": "400049773_20190217153915802779",
    "seq": "",
    "delFlag": 0,
    "x": 106.66210484153,
    "y": 26.42224949147,
    "z": 1077.229,
    "locTime": 1550389155802,
    "status": "3",
    "roll": 0.281908,
    "pitch": -0.807683,
    "azimuth": 180.061642,
    "longitudeSigma": 0.001,
    "latitudeSigma": 0.001,
    "heightSigma": 0.002,
